lastAccountName: Ritom
timestamps:
  login: 1458421000053
  logout: 1458421027470
ipAddress: 127.0.0.1
lastlocation:
  world: world
  x: 25.5
  y: 72.0
  z: 205.5
  yaw: 0.0
  pitch: 0.0
logoutlocation:
  world: world
  x: 57.8872171739573
  y: 65.0
  z: 174.26468477240533
  yaw: 222.74957
  pitch: 5.550022
